1.414141414141414 9.89197943389641
1.434343434343434 11.68650939969089
1.454545454545455 11.53848847722219
1.474747474747475 12.32661975405859
1.494949494949495 13.16357636381176
1.515151515151515 13.4069492202543
1.535353535353535 17.57099426430034
1.555555555555556 14.84506798319427
1.575757575757576 14.77371664209115
1.595959595959596 16.22418102381813
1.616161616161616 16.96656139039128
1.636363636363636 15.94898631820101
1.656565656565657 17.14578364622702
1.676767676767677 17.41877791023403
1.696969696969697 16.69669183919718
1.717171717171717 18.04152905308535
1.737373737373737 19.8465247808543
1.757575757575758 15.49139031518808
1.777777777777778 17.60194456430129
1.797979797979798 17.17544836694094
1.818181818181818 18.55359153326386
1.838383838383838 19.44156575001949
1.858585858585859 21.32689199506258
1.878787878787879 18.67376020014341
1.898989898989899 22.59004404346939
1.919191919191919 19.97514836372174
1.939393939393939 20.35897524656234
1.95959595959596 22.84908602695881
1.97979797979798 19.97749416590491
2 20.86156222224236